-9.91333 0.98056 -5.52782 6.91641 27068
-0.183416 4.83993 1.32054 8.39228 6802
-3.59355 -0.336619 3.95856 6.4861 32514
5.40757 -3.60088 -3.41288 7.93268 6520
-1.84545 0.974456 9.59777 -6.86392 20205
1.19358 -2.40333 2.42836 -3.18644 22941
-9.54711 -0.10773 -3.32499 6.60207 15190
-5.9032 0.560015 -9.97742 0.0686666 32208
6.61916 -6.19068 2.2306 4.36628 5970
-4.88876 3.73028 6.02832 3.02408 25099
-6.27125 7.17277 7.14591 7.36015 5213
5.72314 -0.135197 6.78335 -5.91845 32401
-5.32517 -0.237129 7.95404 -5.39232 26524
-8.86288 4.23994 -9.97375 0.577715 25577
9.18821 6.20655 -9.43297 5.24949 26003
-3.87616 0.638752 -3.61797 5.97034 20834
-1.95349 -0.946989 -6.06494 8.89218 8653
2.12867 -5.84399 -1.47557 -0.395215 11787
1.76489 6.53737 -4.72396 -5.62853 28996
6.22425 -5.89587 -6.8334 -1.35899 3140
-0.0607318 -8.51009 2.47658 5.13047 20874
5.95691 -0.126652 2.30689 7.83746 27214
-7.37541 -7.70684 -3.99701 -0.820032 31747
1.66295 -0.00946074 -1.99988 -0.639973 9859
-6.87979 2.72561 -5.24705 -4.61043 9137
1.95471 -7.69097 -8.12616 -5.98193 11296
-5.1384 7.60613 0.133366 8.19086 21852
1.2186 3.77117 -0.957976 -0.0943022 17869
6.26026 -2.26417 -7.12149 -7.79412 32039
-7.28446 4.00494 -1.36509 6.82363 21822
8.76034 3.30546 -9.89685 -0.70101 454
9.64171 0.658895 -7.73736 -2.46681 31649
-2.34535 -7.85089 8.41548 -4.44624 1268
-8.12922 8.30012 9.8883 -7.58904 5309
4.7618 0.542314 -4.94675 -2.67922 31197
0.525224 9.48912 -7.69707 4.89364 22252
9.45738 2.05603 -4.55245 6.1156 13715
8.4637 8.69564 -6.77847 3.73089 1101
-7.7575 -3.06314 -5.13718 -5.61449 13006
4.8497 9.60204 -5.68773 7.0159 28143
5.54247 2.9136 -3.63872 0.456252 18820
8.55525 -3.45317 -4.05255 4.7148 10171
2.24342 -9.09726 9.6942 -6.19556 25619
-9.1998 3.86639 -2.60964 -6.51296 17508
6.12537 -1.81616 -1.56529 -6.25782 5924
4.68245 5.19578 -4.7972 2.47963 21173
2.26417 9.75219 -1.83142 8.04498 15970
-9.48302 0.956755 -9.74914 3.95611 12770
2.26966 8.32209 9.37925 5.62365 12222
-6.21448 -1.32969 4.3376 -9.34385 14546
-8.7402 -2.78359 -2.69997 -8.57601 2017
-0.633259 0.0125126 9.74303 -4.92721 11391
3.39702 0.735191 9.94934 -5.09812 21987
-5.75426 3.09 -8.78231 -3.01737 11219
-7.04825 6.01184 7.31437 -1.83813 20892
3.39274 -9.19248 -7.15751 7.01346 7093
0.933561 -8.64925 -8.25495 -1.38218 7928
2.64321 -1.12094 -5.93066 -1.72399 19492
-4.41633 -8.9404 -5.53148 6.40553 14905
0.542924 -7.44804 -7.24906 -2.31788 6024
1.21128 -1.59154 -1.65502 1.171 21519
0.869472 1.93579 -9.51598 -4.08734 12199
-3.74432 9.00449 -4.9852 -1.14536 29162
-8.67977 4.4499 -0.282907 2.75063 14310
